13.056366073299262,0.1
15.240484107796577,0.1
15.850960006258296,0.1
15.290613110009684,0.1
15.290613110009684,0.1
13.955640442487761,0.1
12.4656,0.1
11.135560221201267,0.1
9.496761283721941,0.1
9.496761283721941,0.1
8.403807137244405,0.1
7.473128137533839,0.1
7.01011748831644,0.1
6.9347447999187395,0.1
6.9347447999187395,0.1
7.407036827233951,0.1
8.656013308677386,0.1
11.064681743276667,0.1
13.339524429304067,0.1
13.339524429304067,0.1
15.074018378654047,0.1
15.28900509516561,0.1
15.995137181030989,0.1
15.83874047517668,0.1
15.83874047517668,0.1
14.50675433306844,0.1
12.965662960296322,0.1
11.757647764752948,0.1
9.413551695295459,0.1
9.413551695295459,0.1
6.421625264681831,0.1
6.586533267205139,0.1
6.5767273563680595,0.1
6.625147919858091,0.1
6.625147919858091,0.1
8.549914507174911,0.1
12.00109136370522,0.1
16.497938353624672,0.1
21.134144778533148,0.1
28.331486438942804,0.1
28.331486438942804,0.1
36.0455883436517,0.1
33.194693320469156,0.1
19.922549170224176,0.1
11.766792704896265,0.1
11.766792704896265,0.1
7.226421919594786,0.1
4.21395441835813,0.1
3.00487880620833,0.1
1.8503064394850923,0.1
1.8503064394850923,0.1
1.0663552878848588,0.1
1.6048079760519636,0.1
4.294860482018013,0.1
7.05991891171563,0.1
7.05991891171563,0.1
9.434097137511356,0.1
12.750308444896538,0.1
16.98839539921296,0.1
26.0374178504705,0.1
26.0374178504705,0.1
36.477995944952895,0.1
38.85081920577737,0.1
33.89256573586603,0.1
25.520615014532858,0.1
25.520615014532858,0.1
18.364018104979092,0.1
13.012983055395098,0.1
9.33618591074535,0.1
6.277387685972566,0.1
6.277387685972566,0.1
4.126998638235782,0.1
3.0333810047536067,0.1
2.884864336498339,0.1
3.940331275413274,0.1
3.940331275413274,0.1
5.725347542289463,0.1
10.05386389404591,0.1
15.036662182811716,0.1
26.19181962063728,0.1
43.08820063822577,0.1
43.08820063822577,0.1
58.44403183901672,0.1
64.82992660060629,0.1
58.72013456115372,0.1
46.74625886720776,0.1
46.74625886720776,0.1
35.46228817885276,0.1
27.438319948568278,0.1
21.3479903316448,0.1
16.018752770425042,0.1
16.018752770425042,0.1
13.431363892025262,0.1
15.099074705424831,0.1
22.98671421495469,0.1
29.57332800480866,0.1
29.57332800480866,0.1
34.29854396909583,0.1
50.04966595692723,0.1
64.24405229560165,0.1
82.02903244095958,0.1
82.02903244095958,0.1
87.65793176296141,0.1
84.55733495138077,0.1
63.22876155674726,0.1
40.54985637261863,0.1
40.54985637261863,0.1
29.1893423618964,0.1
26.71346981281166,0.1
27.42588436933256,0.1
38.293324126275586,0.1
38.293324126275586,0.1
45.335609244830934,0.1
53.8039956642627,0.1
66.89527951776569,0.1
81.92177277769323,0.1
90.09333535395389,0.1
90.09333535395389,0.1
95.80897012200892,0.1
89.69141606552992,0.1
68.00868994827059,0.1
44.249629534268415,0.1
44.249629534268415,0.1
35.49485863389232,0.1
35.28688110672294,0.1
42.09941301253498,0.1
48.67137417086146,0.1
48.67137417086146,0.1
51.17178269945263,0.1
64.8247592205324,0.1
92.2115657266484,0.1
116.61337863555794,0.1
116.61337863555794,0.1
116.97679349751385,0.1
99.19710068021142,0.1
71.97231023108817,0.1
50.93496615881864,0.1
50.93496615881864,0.1
42.213431462509654,0.1
38.58920951768771,0.1
49.22527415870835,0.1
46.045702291527704,0.1
46.045702291527704,0.1
66.54760842344373,0.1
99.4709713056025,0.1
114.41044993950509,0.1
112.64279438579283,0.1
112.64279438579283,0.1
96.25502329291703,0.1
61.62968099479341,0.1
44.79556738071302,0.1
45.153499734129134,0.1
45.153499734129134,0.1
37.167636640496795,0.1
44.15555931295628,0.1
56.254554088358034,0.1
65.81370641925587,0.1
65.81370641925587,0.1
95.21843802625624,0.1
113.79689107598676,0.1
112.5685590377704,0.1
99.24802128002351,0.1
71.22440437490509,0.1
71.22440437490509,0.1
51.251777619122635,0.1
41.28048498939904,0.1
36.75062196807014,0.1
46.940391872245804,0.1
46.940391872245804,0.1
47.968115970506915,0.1
58.371840619257505,0.1
93.80143091445886,0.1
123.64671767451006,0.1
123.64671767451006,0.1
120.65935749207353,0.1
105.26834301422247,0.1
78.80393461852016,0.1
60.59980223334066,0.1
60.59980223334066,0.1
52.59944752865756,0.1
48.16453448420321,0.1
62.3316980035038,0.1
70.14657907667343,0.1
70.14657907667343,0.1
105.62246325928969,0.1
123.49513151731934,0.1
119.50706185393396,0.1
103.40662800884671,0.1
103.40662800884671,0.1
82.01498157775809,0.1
67.33902831731388,0.1
55.73308164026102,0.1
48.26467266894079,0.1
48.26467266894079,0.1
60.31472558372458,0.1
88.17198061606646,0.1
112.71515404203642,0.1
110.0029112051131,0.1
112.48435730962771,0.1
112.48435730962771,0.1
88.14018665194668,0.1
66.66273212282857,0.1
55.31174174079134,0.1
51.13723763208177,0.1
51.13723763208177,0.1
56.47750117985037,0.1
60.868196826914456,0.1
72.56626243317207,0.1
109.56346003444762,0.1
109.56346003444762,0.1
115.03315975213408,0.1
100.07845217028489,0.1
84.76189450265963,0.1
72.79983544596787,0.1
72.79983544596787,0.1
62.6797580901522,0.1
53.4293555386924,0.1
52.31495182985453,0.1
60.86052175129622,0.1
60.86052175129622,0.1
84.13748322359066,0.1
111.26653289035298,0.1
108.53134318896085,0.1
99.8169944905175,0.1
99.8169944905175,0.1
81.97438916344544,0.1
64.5182462253896,0.1
51.267246089486804,0.1
47.50244289802367,0.1
47.50244289802367,0.1
49.12334044667565,0.1
56.22870737265796,0.1
72.44321210327438,0.1
108.30422990668463,0.1
108.30422990668463,0.1
102.51257947705734,0.1
93.13227044929162,0.1
79.06382484651246,0.1
66.61043202862446,0.1
54.30494719268218,0.1
54.30494719268218,0.1
48.487151710118006,0.1
44.08848240708677,0.1
56.95003198172938,0.1
66.76334279468037,0.1
66.76334279468037,0.1
100.01947407180265,0.1
115.65278247997321,0.1
112.10871044124984,0.1
96.3740111822684,0.1
96.3740111822684,0.1
72.94748211912459,0.1
60.06141055686255,0.1
52.341967889639,0.1
49.82133403272136,0.1
49.82133403272136,0.1
55.97941173538714,0.1
77.09132236925242,0.1
115.24277321480943,0.1
112.3328923199256,0.1
112.3328923199256,0.1
113.2298225705578,0.1
89.29085417891352,0.1
68.51195630078008,0.1
56.71225368824624,0.1
56.71225368824624,0.1
53.68087560537737,0.1
53.19432778182275,0.1
62.79879150939132,0.1
80.02040322217827,0.1
80.02040322217827,0.1
119.7750082459609,0.1
120.1365591942769,0.1
109.09060678610234,0.1
87.66865944178683,0.1
87.66865944178683,0.1
73.40136934308514,0.1
60.73880301224251,0.1
54.81802901090115,0.1
55.28806688463614,0.1
68.19547287261815,0.1
68.19547287261815,0.1
114.11372487759743,0.1
110.63351212792622,0.1
111.93370381864436,0.1
95.05614458161028,0.1
95.05614458161028,0.1
70.7474319466085,0.1
59.4890190337679,0.1
50.25421653632658,0.1
54.20683949170989,0.1
54.20683949170989,0.1
55.804060411407335,0.1
76.30269678903885,0.1
122.66295733985872,0.1
112.5731728809311,0.1
112.5731728809311,0.1
108.45701397770453,0.1
90.18614090601726,0.1
67.62998674079421,0.1
62.80231498408319,0.1
62.80231498408319,0.1
55.394413095907055,0.1
50.360696319252774,0.1
53.632534054620244,0.1
78.95639049905968,0.1
78.95639049905968,0.1
105.3221351428084,0.1
108.10032405797867,0.1
110.39605305408341,0.1
90.98589379898402,0.1
90.98589379898402,0.1
71.25365356415065,0.1
60.348855146058895,0.1
52.63028846586345,0.1
49.11189017091482,0.1
49.11189017091482,0.1
64.13182297985922,0.1
92.42059891604252,0.1
121.32526021962614,0.1
119.36396781608762,0.1
104.90643622275995,0.1
104.90643622275995,0.1
81.67598214603849,0.1
67.0555158751314,0.1
67.32063332322416,0.1
53.48753454778038,0.1
53.48753454778038,0.1
56.26061787645067,0.1
77.00879658844175,0.1
110.05120569916532,0.1
108.68773845986493,0.1
108.68773845986493,0.1
113.41022721289293,0.1
98.31985179484354,0.1
78.92715333825235,0.1
66.95456392748743,0.1
66.95456392748743,0.1
62.1145739600619,0.1
52.61720663965354,0.1
63.92874645540924,0.1
83.6522856591498,0.1
83.6522856591498,0.1
115.955852851678,0.1
106.37600217793485,0.1
95.50671138386035,0.1
78.62972822438088,0.1
78.62972822438088,0.1
62.2132034655024,0.1
55.703682756528764,0.1
52.5610463213966,0.1
49.66341427489657,0.1
49.66341427489657,0.1
56.033242933101775,0.1
85.7719290360197,0.1
110.58552751892988,0.1
104.24337712411277,0.1
95.23854391495074,0.1
95.23854391495074,0.1
79.09083549033984,0.1
64.54248751822323,0.1
63.238287561887695,0.1
55.59765172594972,0.1
55.59765172594972,0.1
50.62127178489296,0.1
60.35007733946991,0.1
97.91510306709583,0.1
100.76065481009935,0.1
100.76065481009935,0.1
110.12800308005225,0.1
106.69989416602061,0.1
83.07030335709626,0.1
60.69734886072043,0.1
60.69734886072043,0.1
53.70062354349342,0.1
52.506464839293834,0.1
53.66026131281882,0.1
59.7755657371806,0.1
59.7755657371806,0.1
102.05918557699744,0.1
117.27762159662004,0.1
114.75534702313439,0.1
99.69012416001897,0.1
99.69012416001897,0.1
74.64606413093728,0.1
57.36014257164987,0.1
53.959992504076574,0.1
50.90726378975794,0.1
50.90726378975794,0.1
56.01958425550836,0.1
63.10790943265352,0.1
91.37071820840634,0.1
115.65254331972125,0.1
115.52992184538168,0.1
100.31754095869775,0.1
100.31754095869775,0.1
77.40637307922391,0.1
63.50888771313823,0.1
57.1484376269378,0.1
50.92199197989018,0.1
50.879183917983596,0.1
50.879183917983596,0.1
63.74074290875499,0.1
101.71758731232275,0.1
111.77437161138504,0.1
115.04186899177185,0.1
115.04186899177185,0.1
100.19222468195822,0.1
76.3964052096694,0.1
56.77188636076839,0.1
54.21863085840512,0.1
54.21863085840512,0.1
50.08367255543467,0.1
54.51219146429539,0.1
64.86277013140896,0.1
86.01344714961725,0.1
86.01344714961725,0.1
122.29367187160585,0.1
118.7661931264954,0.1
106.66788920232742,0.1
82.22467013542833,0.1
82.22467013542833,0.1
61.381792865311446,0.1
57.13579859947702,0.1
52.35447277778662,0.1
50.7190438774234,0.1
50.7190438774234,0.1
62.0358546958128,0.1
97.82127318410859,0.1
112.51317816220461,0.1
109.67602387541226,0.1
109.67602387541226,0.1
97.79022796823821,0.1
74.58065535351643,0.1
55.37826607325296,0.1
52.22581737033897,0.1
52.22581737033897,0.1
45.0633624950469,0.1
46.839456516061325,0.1
58.95852018767093,0.1
76.82483966634749,0.1
76.82483966634749,0.1
115.79284543010418,0.1
112.758416721059,0.1
106.67710853824263,0.1
83.87664222177709,0.1
64.65775908520183,0.1
64.65775908520183,0.1
63.51183951610912,0.1
60.06483877943901,0.1
56.48174546877955,0.1
67.17873623580604,0.1
67.17873623580604,0.1
83.12714696511604,0.1
116.9100158583515,0.1
104.7713265446229,0.1
102.17412134821615,0.1
102.17412134821615,0.1
82.92822769793166,0.1
58.16471641949267,0.1
52.460146024958796,0.1
45.43826196676101,0.1
45.43826196676101,0.1
47.58292286608716,0.1
61.197163834936006,0.1
85.55365649415575,0.1
119.7761885438003,0.1
119.7761885438003,0.1
106.85344782757363,0.1
98.75170138645713,0.1
78.43848495426208,0.1
57.10173998329649,0.1
57.10173998329649,0.1
50.398517844873176,0.1
55.669741675707456,0.1
48.94954714560698,0.1
52.03829159993629,0.1
52.03829159993629,0.1
64.958551707993,0.1
102.89610979313066,0.1
103.06213040608077,0.1
97.64926934780412,0.1
90.67257427028306,0.1
90.67257427028306,0.1
66.47746767740179,0.1
43.08456289298988,0.1
30.34282577216565,0.1
19.881009551831113,0.1
19.881009551831113,0.1
13.970607225170996,0.1
19.758199950400336,0.1
24.47499331807876,0.1
30.2130042465161,0.1
30.2130042465161,0.1
35.64648933962501,0.1
39.19913759051339,0.1
41.40804194742852,0.1
41.51899972590862,0.1
41.51899972590862,0.1
37.41076804130062,0.1
30.323170071745466,0.1
21.76782741570688,0.1
13.879014512565364,0.1
13.879014512565364,0.1
8.624356356273784,0.1
5.820639030209655,0.1
5.342716971728898,0.1
4.125509015867011,0.1
4.125509015867011,0.1
3.828778604202651,0.1
4.797157558388092,0.1
5.212863105818145,0.1
6.139776256509678,0.1
6.139776256509678,0.1
8.528320144084649,0.1
11.037706544386834,0.1
13.167699534846625,0.1
15.77068178107719,0.1
15.77068178107719,0.1
19.147905995173463,0.1
21.40363076489594,0.1
21.67770632885315,0.1
20.478013966202877,0.1
20.478013966202877,0.1
18.44083996351576,0.1
14.358548517172617,0.1
10.986075375674426,0.1
7.9327473979700125,0.1
7.9327473979700125,0.1
5.222875958703212,0.1
4.620281688382214,0.1
